$ 1 0.001 10.20027730826997 50 5 43 5e-11
v 176 368 240 368 0 0 40 7.4 0 0 0.5
r 240 368 304 368 0 0.1
r 304 368 368 368 0 0.3
178 560 240 560 320 6 1 200 0.36999999999972255 0.05 1000000 0.02 20 0.015 0.005 1
178 480 512 480 608 6 1 200 0.007921737947372026 0.05 1000000 0.02 20 0.015 0.005 0
r 416 368 480 368 0 27
r 496 608 496 672 0 5
v 208 544 208 464 0 2 0.00018518499999999998 7.4 0 0 0.667
v 576 640 576 624 0 2 0.05 7.4 0 0 0.05
w 352 416 304 416 0
w 304 416 304 368 0
w 320 448 208 448 0
w 208 464 208 448 0
g 208 544 208 576 0 0
w 480 368 544 368 0
w 544 368 544 320 0
w 528 240 528 192 0
w 528 192 80 192 0
w 80 192 80 432 0
w 80 432 80 464 0
w 80 464 208 464 0
w 480 448 480 400 0
w 480 400 416 400 0
w 416 400 416 368 0
w 576 624 576 608 0
w 576 608 496 608 0
w 480 512 480 448 0
w 576 640 576 736 0
w 576 736 400 736 0
w 400 736 400 496 0
w 400 496 448 496 0
w 448 496 448 512 0
w 560 240 848 240 0
w 848 240 848 784 0
w 848 784 240 784 0
w 240 784 240 464 0
w 240 464 208 464 0
w 464 608 464 688 0
w 464 688 496 688 0
w 496 688 496 672 0
r 576 320 576 384 0 10
w 448 608 208 544 0
w 176 368 80 576 0
w 80 576 208 544 0
w 528 320 144 320 0
w 144 320 208 544 0
213 672 464 704 464 0 2 PWL(\s0\s,0\s\s,\s3600,\s0\s,\s\s3600.0001,\s0.81,\s\s\s5400,\s0.81,\s\s\s5400.0001,\s0,\s\s\s9000,\s0,\s\s\s9000.0001,\s0.81,\s\s10800,\s0.81,\s\s10800.0001\s,0)
w 768 496 768 560 0
w 672 464 320 448 0
w 768 464 768 416 0
w 768 416 352 416 0
w 672 496 208 544 0
w 768 560 208 544 0
w 384 368 368 368 0
w 384 368 416 368 0
o 0 64 0 4099 10 6553.6 0 2 0 3
